$ANSIBLE_VAULT;1.1;AES256
33313062376564316432303637626139323161363762623830343431323035333262643466663930
3565343463616135313634343139616665643730616439340a373361333164383466653162333832
34633362386430383134323234356538613466366538643136653831316263643463333264663564
6564333633636231320a306635643061323663393031396530376531623737386334383435613138
32336330353064333937656665346564643933333234613266353362616433643631383637363334
35656663666638623461653335656235623062363439303739626135623333353635383965626635
65353436623032633637346663643336303933313031356534393634653162343163316464646331
32356131346132313461616331633537616465653136383136663139343034613164326562363033
62346438363433666537323238613932323133303537646561613436636336323333343566656462
33323565313365306232303439303065396630643761323537393264376632663033343062373135
31373965346437643666313666343561663133333166313066386461373862336538656362643039
36643866373265623233303961353962336563636136643363336132616366383739353238633537
64336639383237633338666336303431653233393432363862386332656331653337323937343639
30653232333036333131653165343366626237383839373765616438623631396565393335303639
613739373637363263386365623463353938
